0.000000000000000000e+00
3.000000000000000000e+01
5.300000000000000000e+01
9.100000000000000000e+01
1.130000000000000000e+02
1.230000000000000000e+02
1.440000000000000000e+02
1.700000000000000000e+02
1.780000000000000000e+02
1.950000000000000000e+02
2.270000000000000000e+02
2.470000000000000000e+02
2.650000000000000000e+02
2.900000000000000000e+02
3.260000000000000000e+02
3.450000000000000000e+02
3.960000000000000000e+02
4.030000000000000000e+02
4.210000000000000000e+02
4.490000000000000000e+02
4.660000000000000000e+02
5.090000000000000000e+02
5.240000000000000000e+02
5.750000000000000000e+02
6.170000000000000000e+02
6.370000000000000000e+02
6.400000000000000000e+02
6.610000000000000000e+02
6.730000000000000000e+02
6.820000000000000000e+02
7.080000000000000000e+02
7.300000000000000000e+02
7.330000000000000000e+02
7.410000000000000000e+02
7.600000000000000000e+02
7.610000000000000000e+02
7.620000000000000000e+02
7.630000000000000000e+02
7.880000000000000000e+02
8.160000000000000000e+02
8.430000000000000000e+02
8.920000000000000000e+02
9.430000000000000000e+02
9.530000000000000000e+02
9.710000000000000000e+02
1.002000000000000000e+03
1.038000000000000000e+03
1.045000000000000000e+03
1.052000000000000000e+03
1.092000000000000000e+03
1.118000000000000000e+03
1.140000000000000000e+03
1.178000000000000000e+03
1.180000000000000000e+03
1.212000000000000000e+03
1.227000000000000000e+03
1.262000000000000000e+03
1.290000000000000000e+03
1.323000000000000000e+03
1.342000000000000000e+03
1.345000000000000000e+03
1.355000000000000000e+03
1.381000000000000000e+03
1.391000000000000000e+03
1.408000000000000000e+03
1.426000000000000000e+03
1.440000000000000000e+03
1.454000000000000000e+03
1.470000000000000000e+03
1.500000000000000000e+03
1.523000000000000000e+03
1.536000000000000000e+03
1.573000000000000000e+03
1.594000000000000000e+03
1.615000000000000000e+03
1.627000000000000000e+03
1.670000000000000000e+03
1.678000000000000000e+03
1.690000000000000000e+03
1.702000000000000000e+03
1.728000000000000000e+03
1.752000000000000000e+03
1.775000000000000000e+03
1.781000000000000000e+03
1.796000000000000000e+03
1.818000000000000000e+03
1.829000000000000000e+03
1.835000000000000000e+03
1.847000000000000000e+03
1.855000000000000000e+03
1.877000000000000000e+03
1.889000000000000000e+03
1.902000000000000000e+03
1.921000000000000000e+03
1.945000000000000000e+03
1.950000000000000000e+03
1.957000000000000000e+03
1.959000000000000000e+03
1.964000000000000000e+03
1.969000000000000000e+03
1.972000000000000000e+03
1.985000000000000000e+03
1.988000000000000000e+03
1.994000000000000000e+03
2.010000000000000000e+03
2.081000000000000000e+03
2.112000000000000000e+03
2.128000000000000000e+03
2.135000000000000000e+03
2.137000000000000000e+03
2.147000000000000000e+03
2.148000000000000000e+03
2.167000000000000000e+03
2.180000000000000000e+03
2.186000000000000000e+03
2.199000000000000000e+03
2.237000000000000000e+03
2.253000000000000000e+03
2.262000000000000000e+03
2.271000000000000000e+03
2.303000000000000000e+03
2.315000000000000000e+03
2.329000000000000000e+03
2.332000000000000000e+03
2.349000000000000000e+03
2.360000000000000000e+03
2.363000000000000000e+03
2.378000000000000000e+03
2.414000000000000000e+03
2.421000000000000000e+03
2.432000000000000000e+03
2.453000000000000000e+03
2.465000000000000000e+03
2.479000000000000000e+03
2.518000000000000000e+03
2.558000000000000000e+03
2.572000000000000000e+03
2.604000000000000000e+03
2.608000000000000000e+03
2.611000000000000000e+03
2.645000000000000000e+03
2.653000000000000000e+03
2.674000000000000000e+03
2.703000000000000000e+03
2.711000000000000000e+03
2.729000000000000000e+03
2.755000000000000000e+03
2.776000000000000000e+03
2.788000000000000000e+03
2.801000000000000000e+03
2.821000000000000000e+03
2.823000000000000000e+03
2.850000000000000000e+03
2.864000000000000000e+03
2.867000000000000000e+03
2.885000000000000000e+03
2.891000000000000000e+03
2.904000000000000000e+03
2.916000000000000000e+03
2.919000000000000000e+03
2.923000000000000000e+03
2.932000000000000000e+03
2.944000000000000000e+03
2.954000000000000000e+03
2.961000000000000000e+03
2.974000000000000000e+03
2.983000000000000000e+03
2.991000000000000000e+03
3.006000000000000000e+03
3.012000000000000000e+03
3.017000000000000000e+03
3.020000000000000000e+03
3.026000000000000000e+03
3.028000000000000000e+03
3.033000000000000000e+03
3.034000000000000000e+03
3.053000000000000000e+03
3.056000000000000000e+03
3.062000000000000000e+03
3.068000000000000000e+03
3.070000000000000000e+03
3.080000000000000000e+03
3.109000000000000000e+03
3.144000000000000000e+03
3.154000000000000000e+03
3.184000000000000000e+03
3.198000000000000000e+03
3.207000000000000000e+03
3.220000000000000000e+03
3.236000000000000000e+03
3.244000000000000000e+03
3.257000000000000000e+03
3.269000000000000000e+03
3.290000000000000000e+03
3.313000000000000000e+03
3.320000000000000000e+03
3.367000000000000000e+03
3.381000000000000000e+03
3.410000000000000000e+03
3.426000000000000000e+03
3.450000000000000000e+03
3.478000000000000000e+03
3.493000000000000000e+03
3.508000000000000000e+03
3.547000000000000000e+03
3.578000000000000000e+03
3.606000000000000000e+03
3.622000000000000000e+03
3.634000000000000000e+03
3.640000000000000000e+03
3.665000000000000000e+03
3.679000000000000000e+03
3.706000000000000000e+03
3.729000000000000000e+03
3.751000000000000000e+03
3.777000000000000000e+03
3.797000000000000000e+03
3.810000000000000000e+03
3.833000000000000000e+03
3.863000000000000000e+03
3.869000000000000000e+03
3.881000000000000000e+03
3.895000000000000000e+03
3.901000000000000000e+03
3.909000000000000000e+03
3.912000000000000000e+03
3.914000000000000000e+03
3.930000000000000000e+03
3.942000000000000000e+03
3.945000000000000000e+03
3.959000000000000000e+03
3.971000000000000000e+03
3.973000000000000000e+03
4.018000000000000000e+03
4.025000000000000000e+03
4.039000000000000000e+03
4.041000000000000000e+03
4.071000000000000000e+03
4.088000000000000000e+03
4.109000000000000000e+03
4.126000000000000000e+03
4.155000000000000000e+03
4.159000000000000000e+03
4.186000000000000000e+03
4.194000000000000000e+03
4.205000000000000000e+03
4.217000000000000000e+03
4.219000000000000000e+03
4.234000000000000000e+03
4.236000000000000000e+03
4.247000000000000000e+03
4.261000000000000000e+03
4.269000000000000000e+03
4.270000000000000000e+03
4.285000000000000000e+03
4.303000000000000000e+03
4.317000000000000000e+03
4.329000000000000000e+03
4.334000000000000000e+03
4.352000000000000000e+03
4.362000000000000000e+03
4.363000000000000000e+03
4.367000000000000000e+03
4.380000000000000000e+03
4.386000000000000000e+03
4.394000000000000000e+03
4.398000000000000000e+03
4.417000000000000000e+03
4.441000000000000000e+03
4.466000000000000000e+03
4.482000000000000000e+03
4.504000000000000000e+03
4.507000000000000000e+03
4.512000000000000000e+03
4.538000000000000000e+03
4.549000000000000000e+03
4.563000000000000000e+03
4.570000000000000000e+03
4.581000000000000000e+03
4.591000000000000000e+03
4.601000000000000000e+03
4.603000000000000000e+03
4.624000000000000000e+03
4.627000000000000000e+03
4.645000000000000000e+03
4.653000000000000000e+03
4.659000000000000000e+03
4.681000000000000000e+03
4.684000000000000000e+03
4.704000000000000000e+03
4.715000000000000000e+03
4.728000000000000000e+03
4.730000000000000000e+03
4.743000000000000000e+03
4.744000000000000000e+03
4.748000000000000000e+03
4.754000000000000000e+03
4.765000000000000000e+03
4.772000000000000000e+03
4.805000000000000000e+03
4.816000000000000000e+03
4.822000000000000000e+03
4.825000000000000000e+03
4.851000000000000000e+03
4.854000000000000000e+03
4.869000000000000000e+03
4.882000000000000000e+03
4.891000000000000000e+03
4.911000000000000000e+03
4.914000000000000000e+03
4.919000000000000000e+03
4.927000000000000000e+03
4.939000000000000000e+03
4.959000000000000000e+03
4.978000000000000000e+03
4.987000000000000000e+03
5.016000000000000000e+03
5.026000000000000000e+03
5.027000000000000000e+03
5.029000000000000000e+03
5.035000000000000000e+03
5.055000000000000000e+03
5.078000000000000000e+03
5.088000000000000000e+03
5.097000000000000000e+03
5.107000000000000000e+03
5.113000000000000000e+03
5.137000000000000000e+03
5.145000000000000000e+03
5.168000000000000000e+03
5.180000000000000000e+03
5.202000000000000000e+03
5.241000000000000000e+03
5.293000000000000000e+03
5.308000000000000000e+03
5.327000000000000000e+03
5.339000000000000000e+03
5.351000000000000000e+03
5.363000000000000000e+03
5.387000000000000000e+03
5.404000000000000000e+03
5.437000000000000000e+03
5.439000000000000000e+03
5.444000000000000000e+03
5.460000000000000000e+03
5.462000000000000000e+03
5.473000000000000000e+03
5.486000000000000000e+03
5.493000000000000000e+03
5.501000000000000000e+03
5.508000000000000000e+03
5.526000000000000000e+03
5.540000000000000000e+03
5.552000000000000000e+03
5.592000000000000000e+03
5.632000000000000000e+03
5.665000000000000000e+03
5.673000000000000000e+03
5.691000000000000000e+03
5.696000000000000000e+03
5.701000000000000000e+03
5.718000000000000000e+03
5.734000000000000000e+03
5.746000000000000000e+03
5.757000000000000000e+03
5.766000000000000000e+03
5.770000000000000000e+03
5.799000000000000000e+03
5.822000000000000000e+03
5.833000000000000000e+03
5.839000000000000000e+03
5.853000000000000000e+03
5.867000000000000000e+03
5.877000000000000000e+03
5.878000000000000000e+03
5.883000000000000000e+03
5.912000000000000000e+03
5.922000000000000000e+03
5.959000000000000000e+03
5.964000000000000000e+03
5.973000000000000000e+03
5.996000000000000000e+03
6.013000000000000000e+03
6.026000000000000000e+03
6.050000000000000000e+03
6.064000000000000000e+03
6.077000000000000000e+03
6.090000000000000000e+03
6.100000000000000000e+03
6.128000000000000000e+03
6.153000000000000000e+03
6.165000000000000000e+03
6.181000000000000000e+03
6.207000000000000000e+03
6.209000000000000000e+03
6.219000000000000000e+03
6.255000000000000000e+03
6.262000000000000000e+03
6.270000000000000000e+03
6.284000000000000000e+03
6.296000000000000000e+03
6.318000000000000000e+03
6.326000000000000000e+03
6.333000000000000000e+03
6.349000000000000000e+03
6.354000000000000000e+03
6.358000000000000000e+03
6.371000000000000000e+03
6.381000000000000000e+03
6.397000000000000000e+03
6.418000000000000000e+03
6.426000000000000000e+03
6.438000000000000000e+03
6.456000000000000000e+03
6.466000000000000000e+03
6.490000000000000000e+03
6.500000000000000000e+03
6.508000000000000000e+03
6.521000000000000000e+03
6.528000000000000000e+03
6.544000000000000000e+03
6.548000000000000000e+03
6.556000000000000000e+03
6.562000000000000000e+03
6.563000000000000000e+03
6.574000000000000000e+03
6.583000000000000000e+03
6.600000000000000000e+03
6.603000000000000000e+03
6.635000000000000000e+03
6.648000000000000000e+03
6.660000000000000000e+03
6.671000000000000000e+03
6.680000000000000000e+03
6.715000000000000000e+03
6.721000000000000000e+03
6.724000000000000000e+03
6.732000000000000000e+03
6.744000000000000000e+03
6.764000000000000000e+03
6.768000000000000000e+03
6.781000000000000000e+03
6.784000000000000000e+03
6.799000000000000000e+03
6.809000000000000000e+03
6.820000000000000000e+03
6.844000000000000000e+03
6.858000000000000000e+03
6.861000000000000000e+03
6.863000000000000000e+03
6.866000000000000000e+03
6.878000000000000000e+03
6.905000000000000000e+03
6.910000000000000000e+03
6.941000000000000000e+03
6.950000000000000000e+03
6.959000000000000000e+03
6.972000000000000000e+03
6.990000000000000000e+03
7.001000000000000000e+03
7.030000000000000000e+03
7.033000000000000000e+03
7.039000000000000000e+03
7.040000000000000000e+03
7.054000000000000000e+03
7.058000000000000000e+03
7.076000000000000000e+03
7.096000000000000000e+03
7.126000000000000000e+03
7.129000000000000000e+03
7.146000000000000000e+03
7.154000000000000000e+03
7.165000000000000000e+03
7.168000000000000000e+03
7.172000000000000000e+03
7.184000000000000000e+03
7.194000000000000000e+03
7.205000000000000000e+03
7.207000000000000000e+03
7.216000000000000000e+03
7.227000000000000000e+03
7.242000000000000000e+03
7.248000000000000000e+03
7.273000000000000000e+03
7.289000000000000000e+03
7.304000000000000000e+03
7.319000000000000000e+03
7.330000000000000000e+03
7.331000000000000000e+03
7.348000000000000000e+03
7.352000000000000000e+03
7.362000000000000000e+03
7.365000000000000000e+03
7.366000000000000000e+03
7.367000000000000000e+03
7.386000000000000000e+03
7.388000000000000000e+03
7.394000000000000000e+03
7.400000000000000000e+03
7.408000000000000000e+03
7.425000000000000000e+03
7.442000000000000000e+03
7.443000000000000000e+03
7.457000000000000000e+03
7.486000000000000000e+03
7.496000000000000000e+03
7.503000000000000000e+03
7.519000000000000000e+03
7.531000000000000000e+03
7.540000000000000000e+03
7.548000000000000000e+03
7.553000000000000000e+03
7.568000000000000000e+03
7.580000000000000000e+03
7.582000000000000000e+03
7.588000000000000000e+03
7.589000000000000000e+03
7.596000000000000000e+03
7.609000000000000000e+03
7.610000000000000000e+03
7.615000000000000000e+03
7.624000000000000000e+03
7.628000000000000000e+03
7.640000000000000000e+03
7.643000000000000000e+03
7.645000000000000000e+03
7.646000000000000000e+03
7.653000000000000000e+03
7.660000000000000000e+03
7.665000000000000000e+03
7.667000000000000000e+03
7.669000000000000000e+03
7.693000000000000000e+03
7.698000000000000000e+03
7.701000000000000000e+03
7.704000000000000000e+03
7.706000000000000000e+03
7.708000000000000000e+03
7.717000000000000000e+03
7.720000000000000000e+03
7.726000000000000000e+03
7.732000000000000000e+03
7.748000000000000000e+03
7.769000000000000000e+03
7.771000000000000000e+03
7.787000000000000000e+03
7.793000000000000000e+03
7.796000000000000000e+03
7.799000000000000000e+03
7.820000000000000000e+03
7.821000000000000000e+03
7.827000000000000000e+03
7.855000000000000000e+03
7.862000000000000000e+03
7.885000000000000000e+03
7.898000000000000000e+03
7.902000000000000000e+03
7.908000000000000000e+03
7.919000000000000000e+03
7.924000000000000000e+03
7.927000000000000000e+03
7.934000000000000000e+03
7.947000000000000000e+03
7.954000000000000000e+03
7.989000000000000000e+03
7.999000000000000000e+03
8.004000000000000000e+03
8.010000000000000000e+03
8.030000000000000000e+03
8.040000000000000000e+03
8.042000000000000000e+03
8.057000000000000000e+03
8.065000000000000000e+03
8.091000000000000000e+03
8.096000000000000000e+03
8.097000000000000000e+03
8.100000000000000000e+03
8.102000000000000000e+03
8.139000000000000000e+03
8.143000000000000000e+03
8.145000000000000000e+03
8.151000000000000000e+03
8.154000000000000000e+03
8.155000000000000000e+03
8.171000000000000000e+03
8.192000000000000000e+03
8.201000000000000000e+03
8.205000000000000000e+03
8.234000000000000000e+03
8.237000000000000000e+03
8.261000000000000000e+03
8.283000000000000000e+03
8.298000000000000000e+03
8.306000000000000000e+03
8.324000000000000000e+03
8.330000000000000000e+03
8.337000000000000000e+03
8.340000000000000000e+03
8.362000000000000000e+03
8.374000000000000000e+03
8.381000000000000000e+03
8.387000000000000000e+03
8.395000000000000000e+03
8.409000000000000000e+03
8.415000000000000000e+03
8.418000000000000000e+03
8.423000000000000000e+03
8.434000000000000000e+03
8.440000000000000000e+03
8.444000000000000000e+03
8.453000000000000000e+03
8.460000000000000000e+03
8.478000000000000000e+03
8.481000000000000000e+03
8.489000000000000000e+03
8.490000000000000000e+03
8.491000000000000000e+03
8.496000000000000000e+03
8.497000000000000000e+03
8.498000000000000000e+03
8.501000000000000000e+03
8.507000000000000000e+03
8.514000000000000000e+03
8.520000000000000000e+03
8.525000000000000000e+03
8.530000000000000000e+03
8.532000000000000000e+03
8.535000000000000000e+03
8.536000000000000000e+03
8.545000000000000000e+03
8.549000000000000000e+03
8.551000000000000000e+03
8.559000000000000000e+03
8.568000000000000000e+03
8.577000000000000000e+03
8.578000000000000000e+03
8.583000000000000000e+03
8.584000000000000000e+03
8.592000000000000000e+03
8.594000000000000000e+03
8.599000000000000000e+03
8.609000000000000000e+03
8.618000000000000000e+03
8.625000000000000000e+03
8.626000000000000000e+03
8.630000000000000000e+03
8.634000000000000000e+03
8.642000000000000000e+03
8.651000000000000000e+03
8.662000000000000000e+03
8.672000000000000000e+03
8.675000000000000000e+03
8.678000000000000000e+03
8.680000000000000000e+03
8.696000000000000000e+03
8.698000000000000000e+03
8.707000000000000000e+03
8.717000000000000000e+03
8.726000000000000000e+03
8.734000000000000000e+03
8.758000000000000000e+03
8.769000000000000000e+03
8.780000000000000000e+03
8.791000000000000000e+03
8.794000000000000000e+03
8.796000000000000000e+03
8.800000000000000000e+03
8.801000000000000000e+03
8.808000000000000000e+03
8.814000000000000000e+03
8.815000000000000000e+03
8.824000000000000000e+03
8.829000000000000000e+03
8.831000000000000000e+03
8.833000000000000000e+03
8.842000000000000000e+03
8.845000000000000000e+03
8.857000000000000000e+03
8.860000000000000000e+03
8.861000000000000000e+03
8.866000000000000000e+03
8.868000000000000000e+03
8.870000000000000000e+03
8.872000000000000000e+03
8.874000000000000000e+03
8.875000000000000000e+03
8.878000000000000000e+03
8.899000000000000000e+03
8.905000000000000000e+03
8.910000000000000000e+03
8.911000000000000000e+03
8.923000000000000000e+03
8.932000000000000000e+03
8.938000000000000000e+03
8.951000000000000000e+03
8.963000000000000000e+03
8.969000000000000000e+03
8.976000000000000000e+03
8.995000000000000000e+03
9.005000000000000000e+03
9.012000000000000000e+03
9.019000000000000000e+03
9.024000000000000000e+03
9.027000000000000000e+03
9.033000000000000000e+03
9.042000000000000000e+03
9.054000000000000000e+03
9.063000000000000000e+03
9.066000000000000000e+03
9.081000000000000000e+03
9.088000000000000000e+03
9.103000000000000000e+03
9.108000000000000000e+03
9.110000000000000000e+03
9.113000000000000000e+03
9.119000000000000000e+03
9.121000000000000000e+03
9.122000000000000000e+03
9.127000000000000000e+03
9.132000000000000000e+03
9.136000000000000000e+03
9.142000000000000000e+03
9.143000000000000000e+03
9.148000000000000000e+03
9.170000000000000000e+03
9.191000000000000000e+03
9.214000000000000000e+03
9.216000000000000000e+03
9.221000000000000000e+03
9.234000000000000000e+03
9.253000000000000000e+03
9.261000000000000000e+03
9.263000000000000000e+03
9.265000000000000000e+03
9.268000000000000000e+03
9.270000000000000000e+03
9.276000000000000000e+03
9.282000000000000000e+03
9.284000000000000000e+03
9.286000000000000000e+03
9.287000000000000000e+03
9.293000000000000000e+03
9.299000000000000000e+03
9.310000000000000000e+03
9.320000000000000000e+03
9.330000000000000000e+03
9.339000000000000000e+03
9.344000000000000000e+03
9.355000000000000000e+03
9.359000000000000000e+03
9.366000000000000000e+03
9.367000000000000000e+03
9.372000000000000000e+03
9.376000000000000000e+03
9.380000000000000000e+03
9.385000000000000000e+03
9.405000000000000000e+03
9.422000000000000000e+03
9.423000000000000000e+03
9.424000000000000000e+03
9.425000000000000000e+03
9.432000000000000000e+03
9.434000000000000000e+03
9.435000000000000000e+03
9.438000000000000000e+03
9.451000000000000000e+03
9.454000000000000000e+03
9.460000000000000000e+03
9.462000000000000000e+03
9.474000000000000000e+03
9.482000000000000000e+03
9.486000000000000000e+03
9.492000000000000000e+03
9.496000000000000000e+03
9.500000000000000000e+03
9.522000000000000000e+03
9.524000000000000000e+03
9.526000000000000000e+03
9.529000000000000000e+03
9.530000000000000000e+03
9.544000000000000000e+03
9.548000000000000000e+03
9.549000000000000000e+03
9.557000000000000000e+03
9.568000000000000000e+03
9.569000000000000000e+03
9.582000000000000000e+03
9.585000000000000000e+03
9.598000000000000000e+03
9.599000000000000000e+03
9.603000000000000000e+03
9.604000000000000000e+03
9.610000000000000000e+03
9.618000000000000000e+03
9.621000000000000000e+03
9.628000000000000000e+03
9.631000000000000000e+03
9.633000000000000000e+03
9.636000000000000000e+03
9.638000000000000000e+03
9.639000000000000000e+03
9.641000000000000000e+03
9.646000000000000000e+03
9.647000000000000000e+03
9.648000000000000000e+03
9.649000000000000000e+03
9.655000000000000000e+03
9.657000000000000000e+03
9.667000000000000000e+03
9.677000000000000000e+03
9.681000000000000000e+03
9.687000000000000000e+03
9.692000000000000000e+03
9.694000000000000000e+03
9.696000000000000000e+03
9.698000000000000000e+03
9.707000000000000000e+03
9.712000000000000000e+03
9.716000000000000000e+03
9.724000000000000000e+03
9.726000000000000000e+03
9.732000000000000000e+03
9.739000000000000000e+03
9.741000000000000000e+03
9.752000000000000000e+03
9.756000000000000000e+03
9.758000000000000000e+03
9.762000000000000000e+03
9.764000000000000000e+03
9.767000000000000000e+03
9.768000000000000000e+03
9.772000000000000000e+03
9.773000000000000000e+03
9.784000000000000000e+03
9.792000000000000000e+03
9.794000000000000000e+03
9.806000000000000000e+03
9.810000000000000000e+03
9.815000000000000000e+03
9.817000000000000000e+03
9.826000000000000000e+03
9.828000000000000000e+03
9.830000000000000000e+03
9.831000000000000000e+03
9.835000000000000000e+03
9.836000000000000000e+03
9.842000000000000000e+03
9.852000000000000000e+03
9.865000000000000000e+03
9.878000000000000000e+03
9.880000000000000000e+03
9.884000000000000000e+03
9.885000000000000000e+03
9.893000000000000000e+03
9.896000000000000000e+03
9.903000000000000000e+03
9.904000000000000000e+03
9.905000000000000000e+03
9.906000000000000000e+03
9.915000000000000000e+03
9.923000000000000000e+03
9.929000000000000000e+03
9.930000000000000000e+03
9.931000000000000000e+03
9.934000000000000000e+03
9.937000000000000000e+03
9.939000000000000000e+03
9.940000000000000000e+03
9.950000000000000000e+03
9.958000000000000000e+03
9.969000000000000000e+03
9.973000000000000000e+03
9.982000000000000000e+03
9.983000000000000000e+03
9.988000000000000000e+03
9.993000000000000000e+03
9.994000000000000000e+03
9.996000000000000000e+03
1.000000000000000000e+04
1.000300000000000000e+04
1.000600000000000000e+04
1.001100000000000000e+04
1.001500000000000000e+04
1.001700000000000000e+04
1.003000000000000000e+04
1.004200000000000000e+04
1.005400000000000000e+04
1.006500000000000000e+04
1.007700000000000000e+04
1.008400000000000000e+04
1.009500000000000000e+04
1.010400000000000000e+04
1.011400000000000000e+04
1.011800000000000000e+04
1.012700000000000000e+04
1.013800000000000000e+04
1.014900000000000000e+04
1.015000000000000000e+04
1.015300000000000000e+04
1.015600000000000000e+04
1.016000000000000000e+04
1.016100000000000000e+04
1.016900000000000000e+04
1.017300000000000000e+04
1.017900000000000000e+04
1.018300000000000000e+04
1.018400000000000000e+04
1.019300000000000000e+04
1.020400000000000000e+04
1.020500000000000000e+04
1.021100000000000000e+04
1.021300000000000000e+04
1.022200000000000000e+04
1.022300000000000000e+04
1.022600000000000000e+04
1.022900000000000000e+04
1.023000000000000000e+04
1.023100000000000000e+04
1.023200000000000000e+04
1.023500000000000000e+04
1.024200000000000000e+04
1.024500000000000000e+04
1.024900000000000000e+04
1.025400000000000000e+04
1.025900000000000000e+04
1.026100000000000000e+04
1.026300000000000000e+04
1.026500000000000000e+04
1.026800000000000000e+04
1.027200000000000000e+04
1.027600000000000000e+04
1.027900000000000000e+04
1.028400000000000000e+04
1.028600000000000000e+04
1.028700000000000000e+04
1.029200000000000000e+04
1.029700000000000000e+04
1.030000000000000000e+04
1.030300000000000000e+04
1.030400000000000000e+04
1.031100000000000000e+04
1.031500000000000000e+04
1.032000000000000000e+04
1.032300000000000000e+04
1.032600000000000000e+04
1.033600000000000000e+04
1.034100000000000000e+04
1.034200000000000000e+04
1.034300000000000000e+04
1.034400000000000000e+04
1.035000000000000000e+04
1.035200000000000000e+04
1.035700000000000000e+04
1.036600000000000000e+04
1.037300000000000000e+04
1.037400000000000000e+04
1.037500000000000000e+04
1.038400000000000000e+04
1.039300000000000000e+04
1.039400000000000000e+04
1.039800000000000000e+04
1.040000000000000000e+04
1.040500000000000000e+04
1.040900000000000000e+04
1.041000000000000000e+04
1.041400000000000000e+04
1.041500000000000000e+04
1.041700000000000000e+04
1.042200000000000000e+04
1.042400000000000000e+04
1.042500000000000000e+04
1.042600000000000000e+04
1.042700000000000000e+04
1.042800000000000000e+04
1.043000000000000000e+04
1.043300000000000000e+04
1.044400000000000000e+04
1.044500000000000000e+04
1.044800000000000000e+04
1.045300000000000000e+04
1.045800000000000000e+04
1.046700000000000000e+04
1.047000000000000000e+04
1.047900000000000000e+04
1.048100000000000000e+04
1.048600000000000000e+04
1.048900000000000000e+04
1.049400000000000000e+04
1.049800000000000000e+04
1.050100000000000000e+04
1.050600000000000000e+04
1.050700000000000000e+04
1.051300000000000000e+04
1.051500000000000000e+04
1.051700000000000000e+04
1.053000000000000000e+04
1.053800000000000000e+04
1.054000000000000000e+04
1.054200000000000000e+04
1.054400000000000000e+04
1.054500000000000000e+04
1.055200000000000000e+04
1.055500000000000000e+04
1.056000000000000000e+04
1.056600000000000000e+04
1.057700000000000000e+04
1.057800000000000000e+04
1.058200000000000000e+04
1.058400000000000000e+04
1.059100000000000000e+04
1.059500000000000000e+04
1.059800000000000000e+04
1.059900000000000000e+04
1.060200000000000000e+04
1.060400000000000000e+04
1.060500000000000000e+04
1.060700000000000000e+04
1.061000000000000000e+04
1.061100000000000000e+04
1.061500000000000000e+04
1.062000000000000000e+04
1.062100000000000000e+04
1.062300000000000000e+04
1.062800000000000000e+04
1.063100000000000000e+04
1.063300000000000000e+04
1.063900000000000000e+04
1.064100000000000000e+04
1.064200000000000000e+04
1.064300000000000000e+04
1.064400000000000000e+04
1.064600000000000000e+04
1.065000000000000000e+04
1.065100000000000000e+04
1.065600000000000000e+04
1.066600000000000000e+04
1.066900000000000000e+04
1.067400000000000000e+04
1.068000000000000000e+04
1.068600000000000000e+04
1.068700000000000000e+04
1.069100000000000000e+04
1.069200000000000000e+04
1.070000000000000000e+04
1.070100000000000000e+04
1.070600000000000000e+04
1.070800000000000000e+04
1.071000000000000000e+04
1.071200000000000000e+04
1.071400000000000000e+04
1.072000000000000000e+04
1.072200000000000000e+04
1.072300000000000000e+04
1.072800000000000000e+04
1.073200000000000000e+04
1.073300000000000000e+04
1.073400000000000000e+04
1.073500000000000000e+04
1.073800000000000000e+04
1.073900000000000000e+04
1.074100000000000000e+04
1.074300000000000000e+04
1.074700000000000000e+04
1.074900000000000000e+04
1.075000000000000000e+04
1.075200000000000000e+04
1.075700000000000000e+04
1.076800000000000000e+04
1.077200000000000000e+04
1.078300000000000000e+04
1.078800000000000000e+04
1.078900000000000000e+04
1.079000000000000000e+04
1.079300000000000000e+04
1.079400000000000000e+04
1.079600000000000000e+04
1.079700000000000000e+04
1.079800000000000000e+04
1.080600000000000000e+04
1.080800000000000000e+04
1.081200000000000000e+04
1.081300000000000000e+04
1.081400000000000000e+04
1.081500000000000000e+04
1.081900000000000000e+04
1.082000000000000000e+04
1.082200000000000000e+04
1.082600000000000000e+04
1.082800000000000000e+04
1.083000000000000000e+04
1.083200000000000000e+04
1.083300000000000000e+04
1.083400000000000000e+04
1.083500000000000000e+04
1.083600000000000000e+04
1.083800000000000000e+04
1.084000000000000000e+04
1.084300000000000000e+04
1.085200000000000000e+04
1.085300000000000000e+04
1.085500000000000000e+04
1.085600000000000000e+04
1.085700000000000000e+04
1.085800000000000000e+04
1.085900000000000000e+04
1.086700000000000000e+04
1.086800000000000000e+04
1.086900000000000000e+04
1.087000000000000000e+04
1.087100000000000000e+04
1.087200000000000000e+04
1.087300000000000000e+04
1.087900000000000000e+04
1.088100000000000000e+04
1.088200000000000000e+04
1.088300000000000000e+04
1.088400000000000000e+04
1.088500000000000000e+04
1.088600000000000000e+04
1.088700000000000000e+04
1.088800000000000000e+04
1.088900000000000000e+04
1.089000000000000000e+04
1.089200000000000000e+04
1.089300000000000000e+04
1.089400000000000000e+04
1.089500000000000000e+04
1.089600000000000000e+04
1.089700000000000000e+04
1.089800000000000000e+04
1.089900000000000000e+04
1.090000000000000000e+04
1.090100000000000000e+04
1.090200000000000000e+04
